[209.5221688034188, 167.87446581196582, 124.45913461538461]
[196.62307692307692, 130.50512820512822, 68.36923076923077]

[167.48888888888888, 222.1216931216931, 224.20634920634922]
[194.18027571580063, 223.6595970307529, 220.49840933191942]

[135.74120712114632, 208.2941815023882, 213.14242292661746]
[137.96919191919193, 200.66919191919192, 206.17651515151516]

[184.1528455284553, 225.06991869918699, 225.839837398374]
[180.98763736263737, 77.25576923076923, 9.404395604395605]

[203.56422379826634, 198.54977672708168, 179.03835040714475]
[191.29319105691056, 203.73018292682926, 196.80005081300814]
